15.311452
12.772918
12.864556
12.655222
12.844045
12.927426
12.992192
12.712343
13.465675
13.447377
12.860990
13.546259
13.572756
13.649403
13.626978
13.584408
13.584136
13.548516
13.611975
13.603904
----------
13.866136
12.656942
12.413589
12.724270
12.793982
13.100386
13.021790
13.201395
13.155942
13.054263
12.743650
13.100172
13.116871
13.136465
13.138613
13.010875
14.561539
0.005080
0.003157
0.002650
0.002650
0.002527
0.002478
0.002523
0.002390
0.002400
0.002382
0.002305
0.002386
0.002465
0.002356
0.002325
0.002593
0.002288
0.002294
0.002319
0.002382
0.002257
0.002358
0.002305
0.002288
0.002425
0.002271
0.002301
0.002367
0.002439
0.002287
0.002471
0.002357
0.002275
0.002478
0.002301
0.002335
0.002287
0.002343
0.002352
0.002318
0.002409
0.002455
0.002274
0.002362
0.002367
0.002384
0.002336
0.002467
0.002249
0.002470
0.002643
0.002877
0.003189
0.003192
0.003259
0.002305
0.002052
0.002434
0.002005
0.002299
0.003854
0.003758
0.003080
0.003445
0.003310
0.003215
0.003205
0.003212
0.003004
0.002991
0.003175
0.003103
0.003079
0.003022
0.002875
0.002907
0.002947
0.003064
0.003065
0.003096
0.003149
0.002899
0.002846
0.002778
0.002869
0.002970
0.003018
0.002729
0.002957
0.002796
0.002984
0.003052
0.002940
0.002852
0.003128
0.003034
0.002812
0.002910
0.002789
0.002935
0.003308
0.002803
0.002896
0.003040
0.003143
0.002917
0.002938
0.002895
0.003042
0.003706
0.002838
0.002955
0.002990
0.003124
0.002864
0.002952
0.002908
